k1 = 45;
k2 = 0.2;
k3 = 1;
k4 = 1;
k5 = 1;


% k1 = 3;
% k2 = 0.5;
% k3 = 1;
% k4 = 1;
% k5 = 1;